,0,1,2,3,4,5
0,0.14635050857417176,0.23898279194901595,0.5168997388604403,0.07119793156241849,0.6553486084121235,0.7896980133579027
1,0.40257709105601813,0.5138398131917592,0.3872889917771888,0.09451422605971527,0.44433139231806484,0.34483123076100575
2,0.6167923096628093,0.24384495214111734,0.5561081551672268,0.1814083520141937,0.866064978493371,0.6133261427916707
3,0.8044982362756115,0.27700013755691677,0.01648969084895935,0.23049098681092683,0.6026072725859114,0.7041944304350638
4,0.428568449955921,0.3299348372028603,0.8255735036438318,0.864885795663897,0.07500241059220691,0.9818076978526892
5,0.3230007389203481,0.39952915420039914,0.3892599467243347,0.6888205479656927,0.2082999174441823,0.01915140946743976
6,0.881173030374443,0.7370038974103786,0.20061036881514616,0.688470903999103,0.44542003902656413,0.3123543693030495
7,0.866764801256319,0.43149370180957813,0.00013185619460187592,0.08276962317355441,0.21715658211965028,0.5931842931985517
8,0.4881608278595816,0.009785567927982908,0.634494935116292,0.7446101492034174,0.06177469575996264,0.44331172335695845
9,0.8883465291174049,0.388628411003616,0.4585512537881563,0.31957530042828697,0.5299838576361963,0.17618305415547952
10,0.3152783730879407,0.9950010677383392,0.3991582723095326,0.029258612307465404,0.8998789116729691,0.06229740785399063
11,0.7653524698188522,0.6979435307716252,0.6393308307142145,0.8876429004721147,0.03876753446308856,0.11999218372694653
12,0.6820936467425509,0.5198887534297074,0.09439915773353658,0.6820806462449567,0.0813352984244029,0.562877781551881
13,0.951886805715872,0.36815083240881796,0.24175600977628053,0.4943932868801365,0.40913374860656604,0.870878663635685
14,0.8336730221318359,0.013233502542233544,0.028493196490899764,0.007314323426056979,0.3797751275244938,0.2913459381222572
15,0.7027144934891715,0.4681934007233899,0.906795018222286,0.9778470833882035,0.08948606936087011,0.022022738596312097
16,0.5907674123140952,0.8358823756699725,0.6950454192927674,0.7220802853517089,0.7233212189406806,0.9450381541259224
17,0.9706852234578556,0.8845948387020915,0.6222310732226712,0.40018969272778204,0.3978053648192116,0.5393086462081832
18,0.22916037361069952,0.026271048347580206,0.18260259872938445,0.6498680197395311,0.4810714516635942,0.513314731512486
19,0.055607043444971915,0.10876951351274544,0.02586379939358796,0.2918447708017007,0.8069454937174603,0.5587008069766294
20,0.6942383291759492,0.9900246025523892,0.8038952852020149,0.11629797110062579,0.7700334531306207,0.11930624876673701
21,0.4855993706771716,0.4974864210704949,0.9290157078086851,0.11157424589080989,0.5806034871710744,0.5032665561147979
22,0.5402811826824366,0.7484876875171572,0.013491956809193795,0.5425277183659081,0.5209514984223504,0.38685589334369674
23,0.42671586648646953,0.693898365317187,0.051042465959174055,0.8594706460990671,0.8500889791209602,0.6693410892416465
24,0.16198501628095818,0.4363767190178003,0.0021878677675860603,0.7347644623201414,0.6872270442613909,0.9107720009893265
25,0.061252627452274555,0.12810330492372013,0.7316227658488704,0.5442405926020966,0.05350968742146989,0.9317433108224703
26,0.15211652055784897,0.5252926356258816,0.9113660047885679,0.15780338740606958,0.37696802436460985,0.2552821207470194
27,0.4792898495205671,0.64316116980136,0.6308727348623604,0.26521657763199513,0.3316296403652612,0.7832076029509846
28,0.3741271117726179,0.6385159128672795,0.11685914207984271,0.8548833014339531,0.4352738658549058,0.9653012878949491
29,0.1931875423235978,0.037020455849628764,0.8679433196751398,0.2905052863448878,0.19030748015677967,0.5524754101743882
30,0.0403034745574794,0.9481858295098837,0.6120612367050708,0.3259564972018071,0.8263415923464432,0.3704236285309045
31,0.9252832092816116,0.340300254041512,0.4589858470975495,0.5368602792319372,0.5652005000061113,0.5109105386140673
32,0.3923602661423591,0.5259672414370978,0.6695925172039424,0.34857956127506284,0.7812149612518969,0.7362626101118531
33,0.7022662186274258,0.3546754796717164,0.17569142253259973,0.6929778262577815,0.05323666611155431,0.29430383197337284
34,0.6578197025347353,0.24997589913556006,0.11839874302671483,0.9177011305965892,0.1735870470631352,0.2696295312861433
35,0.34693757108862877,0.8000862980633678,0.8325814202201196,0.6710708733221721,0.04845122602963903,0.34560433640139276
36,0.6957708086445382,0.9792429422482355,0.48894906630836144,0.706430675491295,0.31528323146943715,0.7585876981577171
37,0.758731377504419,0.6669206465270521,0.5025792420932065,0.24901329209328282,0.13801837199412137,0.32957774531692907
38,0.6191717808414428,0.11357791215231683,0.5857745103141971,0.7041520424401918,0.2267318131828362,0.47119128977557656
39,0.7470782478159594,0.05484506721401372,0.05979514056615953,0.8692418871398446,0.02823371744858927,0.953840731334065
40,0.894929971092075,0.09680464673043299,0.017577130342476543,0.24161165474491886,0.7944193040101118,0.12075393330898254
41,0.48658014813963546,0.9530991507420254,0.321039369136752,0.8549279618905461,0.2858627182194121,0.2878458723889803
42,0.32946252373752893,0.7449661764594513,0.970113218451621,0.31508802646249556,0.1894936290615179,0.3426286661542205
43,0.40767330136191227,0.8493656898761658,0.8655153831234328,0.37895430450685585,0.5939135061484971,0.047830346647043886
44,0.3147008243065228,0.30474631892413495,0.08590425627104337,0.1348088686724267,0.6178599390096119,0.9452889434330395
45,0.05993372595839919,0.11208916844386774,0.9280716310142749,0.19974094315087532,0.40321050528696245,0.7789687419421821
46,0.12593183171435607,0.8353567799284776,0.486287844169249,0.6323502373094694,0.1309645616555054,0.47246703251840216
47,0.022167779472398674,0.5529417494325486,0.31956428120036173,0.7488819252917185,0.3010358064959152,0.7642138278348591
48,0.8678413336995571,0.6427911685907095,0.7030577142205223,0.5971321436270649,0.3474703132527964,0.5062983990374131
49,0.34459581753586066,0.2690942275371556,0.18439911007393006,0.8022086129866969,0.039591621362909724,0.7257088592460939
50,0.9386982145756906,0.7411414318553058,0.03084175810684442,0.30181367651053026,0.6546191428620722,0.7403331765144252
51,0.6440639376435969,0.4068246732562312,0.4324183695735784,0.9602698037722505,0.5740694434294578,0.4996179086339636
52,0.2432936090277804,0.8052006455721412,0.925250960204413,0.5988451781086346,0.7807735355019501,0.1468638715505326
53,0.2616449231276954,0.9728968457833885,0.8970950687249581,0.8295430738495175,0.550082347103145,0.5882222439107775
54,0.7595425426101037,0.12790967827560928,0.20036851295751767,0.7602040209445149,0.893609683714437,0.1246984524014575
55,0.5248165150893787,0.879169508474271,0.15256971712954792,0.002641797238341681,0.9162621226297771,0.6445056179662167
56,0.7269548647055342,0.8161381120869854,0.32458329452400536,0.633176229211158,0.6931755475239384,0.45336575656635747
57,0.36985254776835697,0.6152309646178975,0.9823581310078827,0.9719440024642759,0.7862492677706532,0.16937614779875954
58,0.6105121884152553,0.8933064377925396,0.41639836410886544,0.41878943639642197,0.5744461618688423,0.3682615805576308
59,0.8732972687240397,0.34113498250629126,0.495317146405973,0.0726837549930881,0.9737755764822591,0.9868714252321062
60,0.16830563997725512,0.8754311777317246,0.9211359285138576,0.4217460745250654,0.7903196989592681,0.46662180012512466
61,0.3062451729792576,0.6455811292574277,0.7736913343116053,0.05532201341987564,0.7412778910062996,0.12117089005196635
62,0.8065202460750039,0.36527495068165217,0.7646767137136032,0.6675383822584879,0.03701024534596453,0.6964384357764223
63,0.6601443106159641,0.1666943426394225,0.8748464316851562,0.3629550944812251,0.000733919624828272,0.5996081707353981
64,0.13200672980343386,0.5897730550994912,0.19842908727584163,0.33930518090275585,0.45568639284808365,0.30457013871949157
65,0.936280511390364,0.7591836809972136,0.15735480603397278,0.6239229357125847,0.09167174094993813,0.6321727322281773
66,0.9343643968627939,0.5033149700001416,0.6488059475502167,0.3950304446520493,0.8792572688921477,0.9734199149551949
67,0.2753486107477374,0.3442417475290589,0.02831520464327031,0.20346751195875856,0.18953511136507473,0.3885110381007175
68,0.5220230361757591,0.14503673173836806,0.12022061476530621,0.3146512926697871,0.04633028775382575,0.32266770898164365
69,0.21334386063700883,0.8709983438464305,0.17137325494767186,0.16480917493650538,0.9875834072896514,0.40710746600425096
70,0.33789195334821964,0.28307146816990936,0.6962320368081982,0.9961989715736611,0.4645584075002013,0.43415550481305887
71,0.7421769569275506,0.32310344612336905,0.7344964232046304,0.8745486114205162,0.07730222563191813,0.42504600198449494
72,0.5446233856498034,0.7328754117260613,0.2683343464534088,0.2476098471833832,0.9415410826108728,0.9160281274719831
73,0.37988582272885585,0.34406620984513014,0.5463652757861545,0.6345083742523923,0.9642835012772856,0.41536104951724984
74,0.9309653833688503,0.8952545966389484,0.8791640577572545,0.3567762626416585,0.21388843986755268,0.028244010887353843
75,0.043999284675556694,0.24361095544795375,0.6002572598497011,0.6530715671453443,0.38719795101346566,0.8682289959060859
76,0.7107061984280877,0.7132941590862574,0.7565026578787487,0.47267554265055545,0.8771025753367049,0.14587877228049928
77,0.12281741468891572,0.30762797513948115,0.3513946236719373,0.6137564544435102,0.8906594830968493,0.2268671065960256
78,0.2059771323248608,0.4343007523313399,0.8010967972566152,0.2820858216676574,0.5523022291684019,0.7396672770136157
79,0.00848946475041401,0.46726967130619235,0.4546059596046599,0.35637588508085305,0.6538512191250672,0.7184520471235476
80,0.882895518499083,0.8216159776051778,0.3753610617048849,0.20589316381366018,0.8513800487516533,0.023854215745149676
81,0.7545593153106995,0.37922296475671347,0.03455031877502723,0.2301098463500464,0.6398027328872731,0.7425806259773879
82,0.21982715516961449,0.984451153812315,0.2897499058440808,0.8664203440512105,0.25121433818694106,0.7124682605827937
83,0.5659623405617876,0.5415629226681149,0.09181619194472823,0.6821128840519202,0.1940483652274474,0.34771865237034083
84,0.6354525318765244,0.43025053530749946,0.12149102552655877,0.32669457315403505,0.0363673095324053,0.9716861320198916
85,0.5364421608617775,0.9148617992789857,0.6200978636073731,0.9146639894879228,0.9806311938167165,0.7713767867215976
86,0.9053699356835662,0.04108411716107507,0.7091581741216945,0.4104226217373915,0.24770751729546692,0.4158846385258649
87,0.787769004401221,0.0019939439818446036,0.5323745221432187,0.16480829757566284,0.9941328708137296,0.3680455541534555
88,0.5255457313583825,0.34761177313766733,0.9824604054733785,0.3545277311405315,0.8781084644739157,0.5067401163805524
89,0.29750708374791546,0.6808778984882347,0.741342264899943,0.859951160076299,0.772983669480902,0.9755676456161232
90,0.6302657037415894,0.6891652902915385,0.8787938222353198,0.5141141951462928,0.9511278716371384,0.8403936021870566
91,0.9318876682230458,0.07046768344944787,0.5834988504221248,0.834052570394554,0.21132866549597473,0.5361374212697192
92,0.652755610714565,0.010631898005686091,0.037829784231541375,0.34144334605789706,0.08393777034583683,0.25391666926324274
93,0.2978438550331267,0.7396072320092344,0.4947214454576132,0.2573889111805844,0.4259636275657176,0.7553748161070325
94,0.2675679507499241,0.5644033175010938,0.24276956385936133,0.28319401459972815,0.5529529885562766,0.9828700620784296
95,0.7277224363808513,0.5023017452563513,0.20516455320785187,0.696861596418564,0.03202426234187372,0.7013304199220606
96,0.7367222054574646,0.32398377688189905,0.5208355168571396,0.6865280706513978,0.6522843769157397,0.7124414234018777
97,0.8625878591201542,0.572398458589189,0.9114341389257354,0.6037348220287364,0.4381295963099362,0.7691742936732139
98,0.6357409575376747,0.49840171770117836,0.5373977683709191,0.0007238849473966136,0.13061287773300512,0.1510358371480358
99,0.7202895437862465,0.46106161115155453,0.2837192130545172,0.5354368982268438,0.3473866489880848,0.5749330058190961
100,0.568483097833506,0.32627262032929283,0.6400943322473435,0.19916819780623396,0.2537219402661134,0.10878304597577404
101,0.02232933222803124,0.2689320871171055,0.5593005133933105,0.831348054227795,0.8762821981172705,0.4281475812249811
102,0.37796908748254454,0.10239030000110882,0.7201411845838666,0.8446281511547885,0.06882745244264799,0.49184742838398066
103,0.3868764842435809,0.5731800213718342,0.40481432780490867,0.14993845411675788,0.8398395143677957,0.5311890150437342
104,0.9076437213348774,0.3718259689135264,0.6054089053464473,0.6752697553662778,0.8249089405634512,0.9575740292738667
105,0.8439609702188069,0.6127025442451166,0.42390777699742943,0.7984751502177228,0.28342957688486703,0.5728739886018468
106,0.2699519532734471,0.5130108647396654,0.4481855462778308,0.5424596398018975,0.6474423618350014,0.8398268709572236
107,0.4802484425836471,0.7736107419356998,0.11008055929619076,0.5186439104529704,0.6384926086526145,0.5858439404279754
108,0.9516989807501012,0.38551879728974536,0.5542258530805437,0.8742904377519205,0.6081703875853379,0.1374000772434576
109,0.023647444442140175,0.45040016913680725,0.280912911510237,0.17876934965212188,0.042526250653824316,0.5659562070042338
110,0.42251327179667253,0.7284392837555245,0.06364682726887716,0.9926761751716794,0.5716526535850498,0.9789016060123598
111,0.4829624474898092,0.1018880826698032,0.9133753569282373,0.46260220141491726,0.45024316724997604,0.7399825434186523
112,0.6875493270850215,0.4930318893607203,0.10402456753583988,0.47020182434139624,0.657106938036127,0.6461306928670958
113,0.9530241031676908,0.6352857851977686,0.2376125925265733,0.2151484930283879,0.050269437506616055,0.5256500392299986
114,0.24558816947116846,0.07061149880583106,0.4333038502369584,0.5155335220513656,0.25172003689380107,0.6510600368654871
115,0.9199193728119728,0.8603571178126092,0.9069574734904007,0.6078140826859543,0.6826154715824765,0.7342779267482443
116,0.7542523825070753,0.180018335251383,0.22329550744229343,0.5002996615367575,0.4426009331959565,0.6284118263455845
117,0.620209344386883,0.0648907412050288,0.28828598825770235,0.8358227610918193,0.8650323110212251,0.25298526388754095
118,0.09482348221490056,0.35950379924874165,0.46562138031684774,0.11235186678808773,0.6332561534431868,0.04119854040865367
119,0.08843062117503864,0.9952900884699468,0.6229713177815684,0.011868346658821749,0.7328076582327979,0.6769078399134907
120,0.5877638208184393,0.08461144813238075,0.6412582215072643,0.49768390245328264,0.6118736454689612,0.44801176710027746
121,0.8393803705043278,0.7327778238188344,0.5091212269024241,0.11722700277267728,0.09011513946474337,0.5052874521025876
122,0.3742148478810321,0.8120674369512974,0.7248131922866416,0.24149126524600173,0.9278605192968188,0.24259081529249815
123,0.5133847429297499,0.3503810235004303,0.6710648639706455,0.604691897772558,0.8541524917047546,0.577040666637579
124,0.015310322672183796,0.2580541874682516,0.5356168509775181,0.6631412234253713,0.49003754805083677,0.45617321532544475
125,0.21947040592002343,0.6130731755356699,0.7479260832772214,0.36962687438993025,0.486206039019783,0.20851109366793097
126,0.9598439616666185,0.08630370636909268,0.9767326554280965,0.38823474523138646,0.037418110631687096,0.005514690308570103
127,0.8520394042235694,0.17404129864846585,0.8401620546127385,0.9770483197628217,0.3737277119553546,0.6955367133788641
128,0.5158717219348803,0.8171724181203457,0.04383745781174109,0.18741137680914965,0.9943745201646209,0.6965008387726562
129,0.5464561717494912,0.4776447374658699,0.7973615281744273,0.36773738411901824,0.6490896987700807,0.5655548965772029
130,0.505802643013633,0.5230219558558392,0.11136514578985102,0.5840064719590411,0.18004036668901902,0.2829069195319778
131,0.29955077829541943,0.5753189839322636,0.9764328782757489,0.12591256627724812,0.7023680442495208,0.5509150800341838
132,0.24691291870309862,0.6036417517496663,0.1413078973300519,0.6063469605014066,0.7006365933836394,0.9009844370531941
133,0.5504690255643581,0.1412483484549676,0.5806564378592621,0.2557046656521137,0.888193705069948,0.09938319165258647
134,0.1935137854189669,0.03063755870732343,0.3753066166274557,0.10259617848809743,0.4493140735237767,0.8387415352647253
135,0.8523687598728427,0.38461026291313505,0.6592471213906472,0.9949539974128785,0.181047824268193,0.6505287707157846
136,0.8868870310771694,0.11005953783742373,0.8218491683974037,0.4846722495422848,0.16413068384004914,0.8170600671051499
137,0.7686431364042455,0.7445891775014041,0.08342693923328559,0.7704280081021401,0.5849915622876672,0.4127128436258469
138,0.22123411905875479,0.8818008245897724,0.3854315447936598,0.7483000492088919,0.17269446101608166,0.16758873927391005
139,0.04024402626228929,0.04361949310103841,0.6358144754701154,0.9637114474417394,0.9065558863931288,0.5917036334818763
140,0.5716864855963375,0.9707583029385608,0.16798088752028317,0.996773431974621,0.6833443639696414,0.5152608030679561
141,0.8981422837908561,0.4789886327807773,0.4965989673072536,0.7260308929861204,0.13570285738208965,0.08558173481709974
142,0.13230001886049958,0.10448793099851561,0.959426177364509,0.9012143642991683,0.6748222665618553,0.1334398810636087
143,0.8740205142485814,0.4633266851279152,0.33486231607242056,0.3845607505508344,0.4648296263036086,0.7521953677525888
144,0.9693336138259088,0.8388455320135494,0.4859086840601702,0.06639048142572057,0.08832817106274149,0.5514183957286977
145,0.4500348692607711,0.22376409846803091,0.39697767238533155,0.9052669812766615,0.31216340481834925,0.5699065176205345
146,0.34993858447939163,0.8252792144551477,0.9114664368512244,0.5668588419388912,0.5309928610427583,0.13998981953605294
147,0.5772209441480031,0.6238791888710684,0.057965937715523386,0.9243433479947845,0.6716941100679168,0.3368616730259152
148,0.07765504042096327,0.04684224796101977,0.5143955055255112,0.19526533710558258,0.07023819955899213,0.1938035604496584
149,0.4552151358735389,0.18796590240160949,0.36964977801879706,0.6341280221802599,0.6818045096727904,0.13329085003010988
150,0.14565137828131902,0.6219698297659039,0.9201002820879539,0.05191763758414647,0.9806318331909228,0.015971760811166247
151,0.5230017966665472,0.6962963549059488,0.49595351661758846,0.29425092036490985,0.020435468889917208,0.25936071795367033
152,0.8325697270918633,0.06711070191802959,0.27433127588860695,0.3832787130388372,0.9040394258783764,0.7530835587247111
153,0.8462917966236896,0.45524327245516594,0.07286408522589527,0.5064636369145722,0.5765298066221638,0.21339719075273578
154,0.49959883026518204,0.7083556142012978,0.29017094716965686,0.0024084634182963693,0.4275767391803469,0.49213616860320564
155,0.6673803176075143,0.40912938185448955,0.12191887863244322,0.14427454564767617,0.6617384445866339,0.4129995861678327
156,0.9284465491343583,0.7119311611004546,0.08334591727732421,0.6337731123464,0.34854157264693675,0.35727221436085654
157,0.2653667624884034,0.49670986227709946,0.3413373115648243,0.054156778199252686,0.08101757437009827,0.05772872642146831
158,0.7552541977497761,0.3299002522850424,0.9371130924968822,0.7905069755495275,0.11233387827588925,0.5161971314465056
159,0.46135616936302193,0.09298802654777283,0.817683917989001,0.17175821870279573,0.0024709431858879194,0.3878438182359215
160,0.4136513095433607,0.9274390962048722,0.32990912235692904,0.470165349695274,0.1621638129010966,0.3228932288408223
161,0.2196113497803034,0.3136235684966857,0.24251780939837397,0.5542726485148749,0.37814426975273363,0.021603311019755655
162,0.24238081386777888,0.27390391438371386,0.24551011658957123,0.18195985173428197,0.6580234209431025,0.8014773012631546
163,0.2574633130366052,0.17243814993236473,0.8160157041924758,0.7452096135155246,0.20483438018536815,0.0569326030776508
164,0.4338598470672438,0.8769766464824887,0.08817250871489979,0.3859731889008028,0.4476482339213529,0.5330781238977412
165,0.21696155147984508,0.8914445225167174,0.7505034616665616,0.8034698252026772,0.07288482148459219,0.4987722728995597
166,0.12030714723034686,0.14751165035865776,0.5150446350860813,0.9569341169387768,0.5552076490012233,0.11613288494855922
167,0.6466272336774564,0.6938945184132277,0.690263557160035,0.07000823483805585,0.16585384835847294,0.37479003162138746
168,0.48223733467817453,0.8611989037514616,0.468322312094684,0.71662423413807,0.227776270000691,0.24162789453216849
169,0.9704661398841884,0.11595049763662602,0.5621968688694047,0.22597835437623093,0.003528592810934983,0.37458204318207833
170,0.11478621697281288,0.793008872646826,0.031289042767901676,0.1157197794822844,0.3559729089478926,0.9824885652527424
171,0.03843050234924272,0.00108564924263288,0.5191420565738564,0.737013108644944,0.3722686353028316,0.5021959514973393
172,0.4114319328847583,0.10021413851215255,0.8662755177484593,0.2184469947811889,0.10464376380566565,0.6577948875689453
173,0.2853997429514479,0.8321754370045478,0.6090844168501252,0.7329638668377736,0.7796938867844743,0.10229689445909773
174,0.4347932784786753,0.647780480021429,0.376903781988158,0.6066984581312784,0.3342378564963019,0.2088846839426587
175,0.608648154302446,0.9328980025965659,0.4928053341794294,0.14376756178788153,0.6530241456281579,0.2316858193319835
176,0.6655018089763556,0.29341155912325956,0.9062082747957131,0.2572869821374567,0.3785620387996964,0.8006492304005088
177,0.7311818371269663,0.023997988420044414,0.6251989567674185,0.39577444075839807,0.3301470966361969,0.4997874485420992
178,0.7972162939804589,0.793358404692638,0.7340075054719455,0.2966554291875433,0.2036926506160056,0.5393604014633173
179,0.4943040390311595,0.9413781228637216,0.932202735085411,0.9138184818201285,0.47402037732171054,0.9025647680006866
180,0.11541691086659644,0.9327580521353568,0.25148796184519606,0.7706352774877301,0.711382305845822,0.3543745885615812
181,0.9693986399466888,0.6889162382214539,0.3929498938481423,0.9266876935994539,0.19133204790588199,0.040908344148323006
182,0.6779938341924179,0.8221245743675849,0.7202249325413101,0.7572271440804783,0.7948337118679534,0.9752161763689694
183,0.12500296756255813,0.005307390682006363,0.5407345065664171,0.20021513274788627,0.9234766507948186,0.7507918704609321
184,0.28749983271101487,0.7709378171661501,0.8965932900496624,0.012890508341082407,0.839153112945759,0.8975175960367218
185,0.963758966002647,0.8238829377356259,0.8965156158430383,0.14302996196547002,0.9197748708325192,0.223339517555325
186,0.714111856540666,0.06651780020072495,0.8173392030379245,0.8269064934449939,0.9217602732849086,0.029374778259277368
187,0.5224164327620275,0.3220419060096962,0.028070968367233662,0.3656427937691322,0.9761842051993624,0.30773825527463083
188,0.662221606551493,0.22379019675316592,0.2050738735286931,0.7044515039421664,0.1372207923591625,0.3422934959181342
189,0.23845439678348934,0.605839793542964,0.19804779117810667,0.08845493677563121,0.4167558276920602,0.8930629076953758
190,0.7526640586878537,0.41339539458346963,0.2135659652512375,0.12625092210879185,0.4893415597922969,0.9111950723356431
191,0.7641793562100438,0.786879562441695,0.4307341014614625,0.5132581919434929,0.8847860241582951,0.3000368941988367
192,0.8778704224907814,0.012734787905860134,0.6379616749829651,0.9064357184920764,0.8946904135030561,0.6057649516400191
193,0.6812752286468912,0.38843816030656453,0.9242581108900818,0.7857007510376528,0.1444622770119326,0.1733110811138644
194,0.10668074015717299,0.12051485490639069,0.3747322338474117,0.35653812356413783,0.6304215456277884,0.7512968146731059
195,0.18473424218013146,0.4414442053925456,0.014246496605530234,0.35769568126832485,0.6812311394550391,0.6431993958601762
196,0.760053334927604,0.7388112803006567,0.30168811827097153,0.32697341035956784,0.3244387601648736,0.8778495952120471
197,0.3241989120546318,0.042260093955784894,0.5753768160313163,0.4755878261563271,0.2445972218996384,0.9632413183762605
198,0.4224351647290089,0.6983111057966825,0.1658519372802496,0.7975750814358921,0.8880972473125698,0.7557230328069755
199,0.39562026470713496,0.015062084970140943,0.4648870561486619,0.035082215094307756,0.715192819963933,0.6470412062604518
200,0.09063963198651326,0.22246300034894062,0.9860003394505807,0.10166324494229073,0.76131646424601,0.8553238679683077
201,0.03518333194227763,0.3984170869614775,0.11675085539146324,0.2469690023010167,0.6628526186359385,0.9755972010177348
202,0.01840966276767997,0.5524288192305913,0.16600303179355824,0.7736140989500642,0.24868245338818828,0.9594546138143071
203,0.37196880021122836,0.13041118712722977,0.5366121973231022,0.4381831131425238,0.8377343062155617,0.17831029057207393
204,0.22094994751502917,0.18746689831738694,0.9014524669243518,0.9471012901777079,0.5192534628867258,0.9896218879632119
205,0.7599547184672226,0.0936456076191694,0.087525170949725,0.6458594709051241,0.6536028161284292,0.4800343368118647
206,0.03985174024251836,0.158382043082256,0.9943285148157684,0.8408101206342674,0.538604880572958,0.7005953740416122
207,0.9902373385314246,0.7656975532673301,0.2384816205438458,0.1896367058761701,0.6709728340719917,0.23434824063409565
208,0.7393153518686796,0.7572852411134581,0.9200506232224084,0.677787405181686,0.8450150913215217,0.7298242600773248
209,0.48327977490521434,0.8683835894829012,0.21896607561237447,0.48555784100594,0.37378204268660076,0.3935687841989852
210,0.688955564187839,0.7759200421883752,0.249454936689671,0.626695819497108,0.5120215742125407,0.03759531456522314
211,0.04085270420510956,0.2626625925622502,0.5591838754033835,0.5354736729952927,0.11766103579522402,0.31602388933275405
212,0.014237478874675191,0.0774611589289328,0.15754678851587045,0.41475772426966095,0.8219939651947644,0.8039960618872444
213,0.4801768946999947,0.8368026617271882,0.3313416951171254,0.4369607100672618,0.9549116031685366,0.3295496692883022
214,0.8506636806855609,0.26001952128297723,0.5452447763421533,0.8273526955461433,0.6928268215464918,0.9252462799278279
215,0.5835345493254961,0.8373214850704631,0.21917294922025166,0.7281058648678762,0.37225742233486014,0.47318164478399427
216,0.012125619457911352,0.3013954696691764,0.47379033668153303,0.7851761651015984,0.4413615956648238,0.003923795989440371
217,0.03845375735950163,0.05028825099489176,0.22043034331973999,0.22801057768255117,0.6963108499881726,0.5083952809632327
218,0.2082587080513848,0.47766927604715914,0.13827059458444002,0.9486285141329429,0.5996372259265169,0.5840206289945942
219,0.19458765988965065,0.45413281177948395,0.004072238646702919,0.44342957392033233,0.3024714087994528,0.6457314648148947
220,0.9620205764560801,0.16694542956929515,0.9703104158682253,0.42139612514143654,0.8016538722209577,0.27942487209786626
221,0.12111275006314559,0.8933188166183214,0.10143796537569527,0.1607816134475476,0.7253239896531836,0.3857579846653839
222,0.6714391223262794,0.7819522947799507,0.9198071642499378,0.5226690850500574,0.47409405217281786,0.8905251959050212
223,0.7497436426211276,0.41696415433116707,0.8566593109443259,0.1452886446675563,0.9391369229008943,0.9878600828192835
224,0.27789373590392685,0.9188795541490411,0.3616149580201936,0.34557288072890613,0.06576510047702877,0.9011648867399097
225,0.8744454728900845,0.40303451045665506,0.01771895387274791,0.7592244463864462,0.2771879193658706,0.3571054511155396
226,0.7887935312124499,0.732183335786599,0.39475766837781423,0.9868516789897466,0.6902069399537135,0.44333323532790525
227,0.2904109700322852,0.5273633669207466,0.6741753777262879,0.7754826350821223,0.9277593334447178,0.8833095878297379
228,0.9634098335052688,0.20661235779486742,0.1413423302447001,0.0036145933222401228,0.25259075343414095,0.047426527240479244
229,0.9555736376978273,0.013790304959958588,0.9222682985424924,0.2956278517362303,0.9595831625525639,0.8109710396329608
230,0.6694228879903743,0.400604963421902,0.29243268155253244,0.46309397281419074,0.10005228548135014,0.8657738420470865
231,0.8460768366188026,0.537030854259466,0.8922121837483051,0.8904214193269666,0.10459865007249658,0.15520375081056348
232,0.718268072776027,0.6360004589290916,0.5270984767785106,0.21183261305552403,0.951763919363457,0.09819798835570459
233,0.2852875720243526,0.8946101597771144,0.3278042388774085,0.7903150425164547,0.6935837490013351,0.9269070626961652
234,0.9790421531374095,0.22681294663475327,0.7709865967688405,0.5938991487913989,0.2954374372811298,0.38260971096703933
235,0.5270611615750436,0.8027354422823754,0.34945221720206454,0.7645913473239195,0.9946412845859514,0.8484561161628636
236,0.46391876298718404,0.7112700451394117,0.33733186132365867,0.41387582103688014,0.16060665716978784,0.7794170109660099
237,0.08255755177918689,0.6398359355206525,0.6328199686055336,0.7800002175416376,0.2362414412701338,0.5132189385308058
238,0.5985684091475673,0.2371007067431945,0.53565334794457,0.6157409772113492,0.5341517480440428,0.03585282535955037
239,0.7519795915447338,0.7270470310032844,0.04267243847761726,0.7954130786681852,0.6028476579883448,0.3524963223665767
240,0.4892790989920732,0.2697601479040268,0.24330413483116053,0.5046051848641707,0.26691988455804394,0.554978126145825
241,0.8163537076496128,0.0797885108885209,0.33898799729489437,0.22128662443566727,0.02110318467210659,0.37538950683940486
242,0.1404095510495642,0.3256315341416516,0.8955538468388478,0.6577289312997213,0.9912460443933451,0.7013195557749045
243,0.585340546761339,0.9239351381616446,0.048607859371305295,0.27856338343456744,0.6252672001109977,0.828855383621332
244,0.04192888252507776,0.8312255361220596,0.07004235356666466,0.5423808952657924,0.7290715113561359,0.6580697467378807
245,0.6960778484923438,0.5161173122803375,0.039705150238454445,0.5084836972866543,0.7851126660902455,0.8366525252830909
246,0.6464136454353903,0.7711345627151504,0.180121528001146,0.6583705746366116,0.4687749679321954,0.5026162337254372
247,0.6244600620868277,0.8176517494794193,0.14280153164494602,0.43081929686839093,0.06809420803762334,0.8760183771448813
248,0.5024839025709331,0.0037298097055250556,0.6430823582942657,0.5621298738194096,0.7119841009967595,0.9882996373555023
249,0.3994975663010767,0.928084015670764,0.8254653412827891,0.7057776961607245,0.4779190462963766,0.9009219763021633
250,0.8541415254468907,0.7349506457186394,0.1987069947749147,0.8126333585488008,0.5082957501351882,0.35419788978111033
251,0.28576204120984194,0.6952439190444186,0.519011781201161,0.4758900016507578,0.8544977498071548,0.3439549218979796
252,0.6865528783319012,0.0050018243080199865,0.11345199745293555,0.2664181809827397,0.7112523921073415,0.6846998880747286
253,0.4950974475490426,0.8465278101481805,0.9058210820997894,0.9414954158469037,0.9376958693542508,0.10386974450601671
254,0.5853804579723908,0.2667304215740266,0.03005945492841111,0.8400308660535486,0.7524865029226676,0.7294725520435332
255,0.24824517481150676,0.642091189024418,0.7569514916437399,0.3695498214121512,0.27300016231886937,0.18223028333970337
256,0.4292264179458667,0.5365125804835355,0.2159506595781614,0.009300141524520522,0.25148814452939894,0.11543376212719314
257,0.7070058194232537,0.09647669059165065,0.07542633838506496,0.7256770751255724,0.8012770820711087,0.9637202114758087
258,0.4694214829093796,0.9107245063502032,0.3615326740269129,0.3009756842943786,0.9201148266895072,0.10340392486972316
259,0.7386467699465721,0.8103132400863713,0.5275778165484616,0.11019636833762803,0.2296226318676915,0.12494574128895908
260,0.274618592258808,0.31265442884365346,0.5872472476135528,0.7356960830611156,0.0238995014924529,0.7930974220079596
261,0.48162308204669924,0.44950936499693894,0.08291827500366566,0.7134390277186589,0.16916053540407128,0.8135402519593976
262,0.2250603454043807,0.9992638992678454,0.9868106962309049,0.1579170454339831,0.7557939690425581,0.594797255726496
263,0.47251628806592505,0.20033786051663305,0.05110749083492638,0.36729748969679843,0.18113590084789477,0.12352652091966043
264,0.175320125827916,0.20141074073140608,0.8539870893384307,0.45470796402490754,0.21802913200435392,0.8239807978028143
265,0.29147416711844887,0.06829858929324573,0.6210172754357756,0.19728618279548715,0.15203590292264346,0.11878989570654086
266,0.7574160184221274,0.27774027596643547,0.3009801880953913,0.6652471218944349,0.8442757250432407,0.6233705587478111
267,0.1592736925822591,0.2639035119350063,0.03264648446048013,0.16918251112789717,0.9145138671422923,0.06980028608288735
268,0.5906566505580728,0.16830185794999664,0.9746503830583015,0.9332883342590695,0.3397682023681282,0.12167646852103364
269,0.030166680745665975,0.4275107080684132,0.0165903867624545,0.6588425616280791,0.6466317241375005,0.9891304570800542
270,0.5604315782379952,0.6717622793003589,0.7042453775733017,0.8971843044111991,0.07594569093259884,0.16193940744831514
271,0.7261836325560175,0.23115122064525606,0.7612885254341138,0.5178471655167878,0.8382607640111865,0.33463307781062523
272,0.1518800205408175,0.7293025535628302,0.8342076444475797,0.6610841975015972,0.16437129340668521,0.05133241383835041
273,0.17586165642111307,0.7464571272731727,0.6309681335996721,0.8772022563298421,0.5093845487692449,0.5521959706626403
274,0.42242577575451445,0.6676316616743466,0.8547911318019427,0.5354561292149939,0.19711570094745257,0.31997786093308866
275,0.06271948971112262,0.16885477813279948,0.0987210081056974,0.9955254054734065,0.48275170661597666,0.99128719933851
276,0.2441182981155754,0.5942817424621756,0.8198266643622301,0.14810495337520113,0.8881874628513214,0.33936652610696816
277,0.444556169869499,0.11781935106368724,0.35970664371574346,0.3026099852872489,0.029532333622652285,0.938585938434658
278,0.8628657683809876,0.11070356246690449,0.5156879470194036,0.930833245233879,0.28423297946721227,0.5992889868427841
279,0.3453233154324069,0.7837228181261581,0.8611751707085851,0.18469518584038602,0.1672920664548635,0.8258950046731762
280,0.7527651887527493,0.8669335471081614,0.15184266208579922,0.33664197049990074,0.3578156968826278,0.49261311533618013
281,0.3313065034950672,0.7747559452164084,0.8129240390265172,0.5607472440987027,0.0686368434260115,0.6600644900955054
282,0.5752274427476344,0.10511370412527943,0.8532843027801037,0.49487372277340713,0.6775232411938198,0.45084369871786645
283,0.40073008731019766,0.5195826032879356,0.6501866595799808,0.11381658266108707,0.5473760011579606,0.3018081933451743
284,0.18579020130177182,0.1280100268557267,0.07117619843395107,0.8618068377262988,0.27893482706657535,0.8342457378767181
285,0.31810299216821647,0.9179972457430209,0.2293728252796381,0.2009814809308621,0.937561396926611,0.3638336768895003
286,0.35228907065384707,0.7380238635109502,0.10507109620774058,0.042289418864368766,0.11166989199177202,0.9465643390527297
287,0.8874057815906984,0.6100363214939971,0.06123213253183524,0.5943522021587353,0.415428667389352,0.399178261422237
288,0.15821528442543942,0.8952261182661194,0.19976387222087044,0.08297617855958905,0.7978323981828201,0.5631469038349399
289,0.9967148315499847,0.012269312158738721,0.4150669709577264,0.9822625376321011,0.8427756607213577,0.07282300442742229
290,0.015210296628055953,0.1913400011034011,0.09967031672748816,0.41776833302913896,0.209816694055305,0.03546887091515871
291,0.6496394260465304,0.5090223046144068,0.7913661352806162,0.6134452909057662,0.19824358184844393,0.4739882988490983
292,0.6492161283491793,0.8006919795470717,0.7543251741347285,0.7389728049125542,0.7086696236950792,0.16007943138372582
293,0.11363828208420546,0.2668489341974519,0.10242829805074682,0.1347488734970751,0.9178579262136147,0.5358139072890532
294,0.06684602347098789,0.9623704248481108,0.865828507434384,0.28137648282720584,0.5259384926218289,0.26555462197888435
295,0.3170635445404205,0.7792775273489655,0.20493176741986419,0.9519004159580432,0.5460971480702557,0.3322684767328984
296,0.2414467654267043,0.14659691106842743,0.06900740561607621,0.2754518084456693,0.5971309646746098,0.2571957493954714
297,0.4234498883516701,0.8648388222796618,0.29429228388401707,0.058563935425606894,0.5023364041037477,0.38643605260783154
298,0.5894696155601523,0.34965365651417113,0.7700556515041935,0.24104351352611542,0.6723651765756891,0.8341328764541315
299,0.9866699600153723,0.554765920231261,0.3238931129887448,0.9475003251210349,0.34489744576933756,0.8190209853655547
300,0.8098547573856572,0.332718729263621,0.6950695863553923,0.08679306887624116,0.7216301779384399,0.855420334415358
301,0.7500171089250435,0.07532523794542312,0.2658073715426038,0.9796100866811009,0.892932446887655,0.41247426938294784
302,0.5229328017258708,0.3128662656563772,0.7821184183298807,0.27978630794899684,0.24952859921781667,0.23997197196134135
303,0.8551928849372922,0.5145655622216224,0.3414427875645767,0.5004203289711452,0.7874745792321041,0.5531889815433649
304,0.5656405188196879,0.15650485259018632,0.4594602880836772,0.37419503546167077,0.36905961139666654,0.9923585243318828
305,0.889472740660213,0.3635714488666346,0.5073849253772278,0.5168798284642201,0.20511675249122396,0.36329940556196094
306,0.7622765512689647,0.6387998884839484,0.5042079256923422,0.4340651783223821,0.23123251283256396,0.847845742754079
307,0.33532211850935645,0.8672096891045483,0.6741872483945196,0.7386529813126781,0.6375774302875489,0.8909333781992688
308,0.36934800894639397,0.6651428995420303,0.1738773819581747,0.8028020224497788,0.24139758699002134,0.9441483272755825
309,0.709458531783517,0.6319733758846472,0.06416482179207184,0.6205548141882947,0.20103677067415404,0.45674447764445714
310,0.4499856402901229,0.0997790366930914,0.300620825101787,0.8159377091751546,0.7342441288357611,0.4605373233457982
311,0.006581142787376537,0.6508132834717713,0.6309816243673114,0.6735062197723002,0.6283751793468815,0.3703983624392081
312,0.3545919473810726,0.7747277891890737,0.26938320859972376,0.17305857742909647,0.3402480519917144,0.8706449036822905
313,0.28038123902856926,0.2366567556626703,0.7324354117949873,0.3903779459681279,0.1703625774895905,0.6546884978390627
314,0.805347153757084,0.4098137324328087,0.45346025631543585,0.43261445968310863,0.7458527773726485,0.010409429870913312
315,0.6055024569573769,0.27106171323076034,0.0516650194668129,0.1623679087417058,0.6111460144374161,0.4195844741051392
316,0.0989685513728179,0.649677359620387,0.3330592474768439,0.09915447531338017,0.08734609476552602,0.4512135105206627
317,0.9704049159309774,0.15593966172748974,0.030820013864481965,0.07553808819705532,0.7500808347361726,0.6665635838200237
318,0.6202162309833076,0.18228392434889695,0.38041521208692175,0.5358761652254406,0.46378794648281196,0.2881803296157932
319,0.5209860587164338,0.8185409995970055,0.438596637692133,0.5082072559972637,0.979510173915723,0.7880782379775255
320,0.5627716902285445,0.7497335750947987,0.8233897200804839,0.7811156454301675,0.9669699493218207,0.048972018995530164
321,0.07972462004424241,0.18640962682751583,0.9517441150810912,0.2595159897546929,0.3057789394528123,0.2849834741386017
322,0.13375467650564055,0.5379107020820483,0.028727120570255837,0.294344889511186,0.6882467314515622,0.6972592295283917
323,0.3306942460957022,0.9044948763459846,0.038359092490402036,0.31359222072598725,0.38531632410722416,0.8361485985206742
324,0.7444050623838653,0.6510590145963645,0.9614248420808186,0.9871944717322555,0.3731406026251416,0.690164381340818
325,0.6186466638466788,0.5587523228939832,0.5046235823026027,0.9421965842229212,0.521144501751897,0.6509590134593076
326,0.12660049676532403,0.6211893420962786,0.8256595072150604,0.26023247363817625,0.3875208131965511,0.002045937096530226
327,0.48053544592149355,0.6120145591456158,0.9889626311152786,0.19656764765174017,0.8501393120303649,0.8818647162333481
328,0.5250040361626088,0.5297580545985323,0.23138875229790656,0.2079043708754449,0.40782266273862866,0.4532485684740414
329,0.17730907037390475,0.11272504409291584,0.7121758406399787,0.08661126208103942,0.4803124835553757,0.36679658784807845
330,0.365799202934347,0.9570589829028886,0.5034531205860997,0.10079826636998601,0.4441106086983385,0.7912721142526639
331,0.553426646128945,0.7296054471757653,0.761105619279138,0.41080682860603723,0.4162691831341344,0.4469380703596102
332,0.112566348921188,0.7972708762351509,0.44858459253087457,0.31264407440466757,0.9805189621108573,0.7648955226065661
333,0.5983281879103145,0.0903784873795287,0.13884795730686272,0.06789290463775266,0.2794909944009195,0.334521663993705
334,0.7891051140865717,0.3825654976407359,0.8187847904888477,0.39374042636972917,0.8726107758250011,0.5653015948979855
335,0.07554743712410283,0.5244026861981567,0.5444946909991191,0.9031597768322571,0.5912939247850718,0.4240204656505262
336,0.36263665594599037,0.36169867721565574,0.9061372005694568,0.8179038939472963,0.561913832615824,0.18903559599231812
337,0.13145599401377073,0.5461486834853205,0.5270489132145426,0.9358668178080214,0.36681475477459413,0.8958816715743171
338,0.3236887159027102,0.16234835366697375,0.00759823016161898,0.1445888583471937,0.42101831693973424,0.07184088233710284
339,0.9862089479845458,0.9861286348746758,0.6866415315291899,0.24607760309921334,0.9934133256970121,0.7144234043334186
340,0.46909701089024525,0.07733168969160742,0.4293171228667143,0.5589307340961037,0.8427178147386248,0.8206775851431016
341,0.9701094959361037,0.3875014773336122,0.899361999199504,0.8585344767090861,0.1466748843570801,0.9217791689545778
342,0.8240767701254285,0.7271259306937528,0.9126137292432314,0.6452461618310449,0.3821278501896759,0.03871450605314808
343,0.722843605325345,0.1804838123932193,0.6065631265822771,0.9983131599307622,0.803411346118541,0.168178352883256
344,0.22388589872229192,0.0040966567601905535,0.7436018840064411,0.17380729820023044,0.74190867765437,0.6862675873410484
345,0.6986955143642294,0.7502092250344135,0.9661180240755256,0.07158199905791118,0.1558057028065506,0.2716894795510274
346,0.0018327805169727762,0.07392437708700805,0.8739053068954313,0.2405844829855477,0.4066648670221703,0.23652770609240692
347,0.20687336761764996,0.20382624563878693,0.31081990193512954,0.7681527628979913,0.9054259357287173,0.6381035877636785
348,0.7301237061581659,0.8410343634108249,0.4592242032173913,0.21656530680463237,0.8107284862960114,0.3664297940511174
349,0.43940071123520796,0.5723316071754059,0.530747223614767,0.37578769184284877,0.3446350601597121,0.011856941002292842
350,0.8753358005802541,0.4079606426583007,0.6997238360325038,0.32826680749434345,0.007268986695947444,0.8884213711157962
351,0.5385636318345957,0.22242577200143265,0.0906610664025822,0.5085019128192915,0.5176589747757387,0.2257602015844271
352,0.7074994841824828,0.24899949675644406,0.9015808229773979,0.9722231322953804,0.5524302334797542,0.6299507748221705
353,0.3073266810952464,0.7037455028623998,0.1498529490553191,0.4775811518195978,0.4709558967195925,0.6194295671928277
354,0.559547121021476,0.3295716434938497,0.44713635232635085,0.1941624004135074,0.9812224446198857,0.938798141450691
355,0.45445762947594426,0.41533525956311146,0.17706729356615047,0.08804531719167585,0.22081872903147148,0.9710897578674198
356,0.6424516372873688,0.2540921245308301,0.0406940897065593,0.1265942177032795,0.32913835332530805,0.4265268751475493
357,0.05164764809595679,0.7428143622740999,0.05362757461381262,0.40966270544412653,0.7431125935479628,0.8826800489758473
358,0.31153808961944784,0.6648295360412345,0.12453611948133625,0.2106782459314952,0.496453969866842,0.19137514146822732
359,0.7128064583150606,0.13983952394635935,0.25609629643141296,0.4834329537562372,0.2833829033815981,0.5015254397321756
360,0.3564422284939558,0.26535199832795386,0.31498914689055857,0.6680300915233741,0.01803435824277355,0.9869782498770072
361,0.8474205433850349,0.7904134716256876,0.7780841752696758,0.0728659487448251,0.9982006109701136,0.1389424634537958
362,0.38270567243822473,0.8658751306955216,0.8140778671289142,0.6529569757899277,0.4003919903193417,0.7827689857004291
363,0.14836075159423923,0.45921289336559534,0.558165905763072,0.5551796814111235,0.6290659873984712,0.043409453191156855
364,0.2615497570710418,0.28632233093218107,0.02355941323505939,0.8391400031475985,0.41056908334028275,0.4385400370089244
